24 0.23203125000000002 0.2605100785849894 0.0484375 0.09166666666666666
1 0.68203125 0.240784469120407 0.0515625 0.15
26 0.75546875 0.2277777777777778 0.0546875 0.19444444444444445
31 0.46875 0.8 0.03125 0.1111111111111111
25 0.051562500000000004 0.36038996569614 0.084375 0.09166666666666666
25 0.384375 0.1761635851667106 0.0625 0.17777777777777778
8 0.49296875 0.35861390879523175 0.0640625 0.15555555555555556
4 0.74609375 0.7365028226427155 0.0703125 0.10277777777777777
46 0.03359375 0.5616986232985044 0.0640625 0.11944444444444445
22 0.8546875 0.2542895349732396 0.05 0.05555555555555555
