37 0.85078125 0.7249999999999999 0.0734375 0.15555555555555556
16 0.37890625 0.39300370359324815 0.0515625 0.08611111111111111
8 0.503125 0.1261635851667106 0.0625 0.17777777777777778
23 0.48984375 0.6691154367976513 0.1046875 0.1361111111111111
25 0.075 0.9472222222222222 0.09375 0.08333333333333333
2 0.2890625 0.8944444444444444 0.0625 0.05555555555555555
45 0.12265625 0.3055555555555556 0.0546875 0.19444444444444445
20 0.63828125 0.686641051732159 0.0515625 0.06666666666666667
51 0.6015625 0.3541666666666667 0.04375 0.09166666666666666
41 0.86015625 0.24472501990634288 0.0640625 0.15555555555555556
